zad1_1
411
zad1_2
88
11 11
13 31
13 31
17 71
37 73
37 73
79 97
79 97
101 101
107 701
113 311
131 131
149 941
151 151
157 751
167 761
179 971
181 181
191 191
199 991
313 313
353 353
373 373
389 983
709 907
727 727
739 937
739 937
757 757
919 919
929 929
1021 1201
1069 9601
1091 1901
1109 9011
1151 1511
1153 3511
1181 1811
1223 3221
1229 9221
1237 7321
1399 9931
1409 9041
1439 9341
1499 9941
1499 9941
1559 9551
1583 3851
1723 3271
1733 3371
1879 9781
1913 3191
1933 3391
3019 9103
3049 9403
3067 7603
3257 7523
3319 9133
3319 9133
3359 9533
3407 7043
3467 7643
3527 7253
3583 3853
3719 9173
3719 9173
3767 7673
3917 7193
7027 7207
7057 7507
7057 7507
7187 7817
7219 9127
7297 7927
7349 9437
7457 7547
7459 9547
7577 7757
7589 9857
7649 9467
7687 7867
7699 9967
7879 9787
7949 9497
9479 9749
9479 9749
9679 9769
9679 9769
