13519199424120063
122355885622871610
324091288769221840
256563761189555780
68297565875716000
171171007663600
22761250783587200
695838790123361625
225902688237854448
103750319343990728
6971311869744189
8410577620453865
651575232144796392
72820996631883035
647242080257100384
520321112176706684
382236023891487016
13543404051414426
27815648469367415
44320670263171390
992587510729188
15762942019760835
345400600741573432
10964466039308990
207338536559067314
516672816929814292
221349244367398034
60723213684464664
97859670273208372
16993927194271138
4399132598121186
131611860544210835
12209023214517548
262421668233210072
8315767549216734
26201970045366192
418655052230515
357537308613457033
5900980291106649
23439339652537995
56509920931589722
209570925284729302
344720640493787678
257498369129567567
58850469163740723
90820912305067222
176113739421882503
17428840796610312
3907117841312784
4753856525902531
33217606301248798
56720385105195940
132162360495599390
61993640496631214
14445750128752360
740175282488709504
32179164032658362
214682688179986293
106770477720673442
106304840106229550
51014390645642642
7826216411355201
1708357269411268
198513120549596058
316065000292414486
751506900152783478
5402511429803500
76588383435722852
3155212068337048
251736187402834871
76278660574844580
459920340404202636
317575552628757118
8955503241690112
623566260222025320
347468838613592275
822071616447360684
298549240216158621
29333519745304352
41104837060850200
510807568176418792
530472960294833440
1478750094866758
85763440211366320
33289799454365432
24108219101355687
54069461696444366
12612960504265896
286981212342546600
22793308252031436
252495712808568749
179533676341577725
424200294338181480
611862075201121473
499645793693532332
124624278605091822
424893886502368680
89882705192832000
270075780593504688
31063642