36 48
-74 -30
15 22
-54 -13
12 31
-11 26
30 78
7 49
-2 20
-87 -76
29 31
40 78
1 9
-33 -14
-41 -12
10 47
47 51
-67 -34
-84 -67
-71 -43
-48 -23
-81 -52
-84 -82
43 60
9 59
-2 31
-58 -14
5 16
-5 37
-11 -1
-43 -15
4 26
17 52
30 67
41 50
-33 4
36 37
-10 23
-32 -27
-50 -20
-63 -40
29 48
-59 -33
3 53
-99 -70
49 64
-54 -31
-70 -56
13 44
-80 -45
-99 -65
-24 8
30 32
-36 -25
-78 -29
8 27
9 18
6 50
-18 8
-76 -62
-8 27
-66 -18
15 21
-58 -12
24 61
4 51
25 30
46 50
-77 -41
-9 -5
-60 -41
-46 -39
-67 -30
-56 -11
-41 -24
-57 -19
-96 -48
20 37
41 65
-79 -50
-28 -24
-93 -92
-68 -20
-30 -24
37 76
-81 -58
-81 -43
-21 -19
-4 11
2 5
-41 2
90 91
31 63
-56 -48
37 61
-54 -10
-50 -29
-63 -58
-63 -52
-99 -79
-82 -46
91 93
27 49
-85 -42
14 61
-49 -20
-82 -78
-64 -17
-50 -48
-70 -51
-51 -31
-64 -36
97 99
-29 16
-47 -42
2 16
-94 -73
-93 -47
44 46
-21 4
0 29
-28 -19
-51 -47
2 6
-94 -85
-84 -60
-62 -18
-76 -40
-46 0
-44 -30
-56 -38
8 25
-88 -55
-28 -5
-29 -1
-11 21
-8 -6
28 31
-98 -86
-74 -47
-22 20
42 57
-25 14
-54 -44
15 19
35 57
-18 -15
1 38
-63 -61
-26 -11
-97 -57
12 40
14 63
-85 -62
-10 28
8 55
-31 11
35 54
17 48
14 50
19 25
42 56
-86 -62
-100 -71
25 28
-50 -42
1 34
-38 12
26 41
-28 -27
-57 -53
-90 -47
-91 -82
42 44
-73 -26
2 18
-75 -41
-54 -16
-20 -8
26 44
-68 -36
-66 -20
-41 -14
27 42
0 27
35 68
7 16
-1 44
-6 20
22 50
-8 19
-35 14
6 51
-43 -1
8 12
-69 -67
-27 -17
-82 -44
48 49
-51 -50
-100 -65
-24 -18
29 67
-100 -57
-24 8
-78 -28
18 27
5 34
23 30
42 62
-86 -83
-97 -82
-39 -13
23 58
-99 -68
22 46
-41 -29
23 39
-89 -71
-74 -73
-20 -18
-54 -29
-33 -7
-39 -32
-31 -1
-2 14
-74 -40
-53 -11
-39 -1
-2 16
-49 -1
-40 -25
-94 -74
-24 26
24 51
-60 -49
-85 -78
14 56
-17 -5
-79 -30
-35 -19
12 58
-33 -2
-81 -67
-48 -18
-59 -14
-95 -61
-71 -37
-29 15
-2 29