1:434 365 291 468 453 669 574 406 183 431 248 318 626 355 322
2:500 497 317 373 485 552 208 479 179 522 631 571 400 201 208 211 510 424 172 245 194 635 200 381 292 697 204 338 650
3:524 581 580 422 357 321 161 626 669 677 488
4:298 252 612 599 260 414 564 193 225 434 194
5:345 648 181 346 548 633 352 185 292 627 275 392 659 261 540 529 159 361 196 455 300 460 187 157 589 506 699
6:417 362 281 306 288 658 202 401 570 673 690
7:527 544 195 665 328 228 669 350 331 352 643 235 276 388 519 478 220 415 409 339 386 514 689 678 345 338 240 575 499
8:618 257 279 228 447 345 549 455 545 653
9:631 278 370 633 239 643 396 672 176 607 418 161 358 470 465 360 611 356 479 531 230 631 615 417 487
10:207 235 635 226 495 157 210 247 407 529 628 660 489 261 658 476
11:331 155 204 285 456 679 622 280 331 249 368 382 534 433
12:342 663 488 673 397 606 662 211 498 172 251 559 220 281
13:586 689 280 420 661 411 365 410 326 292 411 438 422 404 328 172
14:514 406 273 428 239 532 645 209 441 160 170 224 194 482 196 656 411 183 560 608 463
15:474 167 628 420 496 549 333 283 283 258 170 657 573 439 403
16:245 205 227 533 182 170 361 566 428 207 380
17:285 247 318 457 534 509 419 591 587 190 623 239 336 307 311 371 436 539 400 528 157 280
18:382 276 241 245 369 498 477 222 515 484 212
19:435 628 344 227 227 335 394 276 690 463 686 471 486
20:221 586 462 506 408 377 261 395 657 267 454 240 393 471 259 368 334 685 603 290 647 699 227 307 183 168 227 400 504
21:337 360 632 614 476 205 484 381 421 585 674 535 531 443 616 189 542 599 682 411 200 286 186 374 488 557 355
22:599 301 508 377 656 156 678 465 553 375 264 196 315 684 587 429
23:459 420 686 160 154 394 501 169 400 526 456 178 675 347 158 383 281 319 547 177
24:432 330 697 538 333 525 658 573 419 231 166 687 459 476 514 403 614 513 360 310 180 162 491
25:676 495 408 550 196 200 180 265 222 496 383 651 454 501 540
26:662 164 544 357 694 316 367 364 573 564 414 619 674 585
27:420 397 545 343 378 622 339 340 257 652 155
28:486 241 220 388 680 600 321 358 232 186
29:481 476 391 428 353 257 442 196 699 374 429 670 301
30:420 642 568 191 293 190 181 480 265 295 445 193 542 287 427 519 236 419 484 530 644 673 423 680 377 489 242
31:207 571 677 258 412 471 191 370 382 510 406 643 590 170 697 330 166 571 605 407 172 307 184 517 278 260 462 449
32:524 555 218 345 540 487 157 568 181 168 324 482 666
33:335 311 255 626 330 171 153 206 247 621 307 326 581
34:323 613 371 691 338 506 450 550 395 465 386 648 318
35:320 420 631 468 458 397 398 329 480 151 604 152 386 358 267 192 449 181 591 323 238 391 673 591 422 414
36:338 288 506 604 205 525 451 683 653 561 158 220 439 259 209 308
37:433 558 316 160 550 653 473 400 388 422 563
38:181 417 515 480 510 389 685 638 575 675 507 205 588
39:486 304 482 631 187 654 624 669 539 190 228
40:455 216 650 454 390 203 665 568 541 282 634 424 438 576 349
41:499 337 514 217 567 567 544 562 259 264
42:523 455 203 497 349 613 271 271 545 225 399 326 394 425
43:377 425 256 222 416 381 619 457 197 392 239 601
44:157 255 283 461 302 390 644 256 451 337 286 511 465 694 229 319 440 567 676 361 608 231 585 638 186 373 661 333 326
45:573 553 164 565 608 415 573 617 550 498 163 607 302 258 688 652 306 428 352 184 342 696 647 481 201
46:343 482 381 542 441 444 420 268 179 242
47:288 265 577 643 330 333 361 368 476 639 418 414 449 216 570 402
48:608 691 356 643 662 519 446 437 159 688
49:330 256 278 447 429 257 352 281 596 467 233 236 678
50:502 232 280 229 296 671 502 421 408 600 332 465 456 359 661 653 196 374 329 677 158 470 385 337 198